this is the febonichales series of 200 elements
1
1
2
3
5
8
13
21
34
55
89
144
233
377
610
987
1597
2584
4181
6765
10946
17711
28657
46368
75025
121393
196418
317811
514229
832040
1346269
2178309
3524578
5702887
9227465
14930352
24157817
39088169
63245986
102334155
165580141
267914296
433494437
701408733
1134903170
1836311903
2971215073
4807526976
7778742049
12586269025
20365011074
32951280099
53316291173
86267571272
139583862445
225851433717
365435296162
591286729879
956722026041
1548008755920
2504730781961
4052739537881
6557470319842
10610209857723
17167680177565
27777890035288
44945570212853
72723460248141
117669030460994
190392490709135
308061521170129
498454011879264
806515533049393
1304969544928657
2111485077978050
3416454622906707
5527939700884757
8944394323791464
14472334024676220
23416728348467684
37889062373143904
61305790721611584
99194853094755488
160500643816367072
259695496911122560
420196140727489664
679891637638612224
1100087778366101888
1779979416004713984
2880067194370816000
4660046610375530496
7540113804746346496
1.220016e+19
1.974027e+19
3.194043e+19
5.168071e+19
8.362114e+19
1.353019e+20
2.189230e+20
3.542248e+20
5.731478e+20
9.273727e+20
1.500521e+21
2.427893e+21
3.928414e+21
6.356307e+21
1.028472e+22
1.664103e+22
2.692575e+22
4.356678e+22
7.049252e+22
1.140593e+23
1.845518e+23
2.986111e+23
4.831630e+23
7.817741e+23
1.264937e+24
2.046711e+24
3.311648e+24
5.358359e+24
8.670007e+24
1.402837e+25
2.269837e+25
3.672674e+25
5.942511e+25
9.615186e+25
1.555770e+26
2.517288e+26
4.073058e+26
6.590346e+26
1.066340e+27
1.725375e+27
2.791715e+27
4.517090e+27
7.308806e+27
1.182590e+28
1.913470e+28
3.096060e+28
5.009530e+28
8.105590e+28
1.311512e+29
2.122071e+29
3.433583e+29
5.555654e+29
8.989237e+29
1.454489e+30
2.353413e+30
3.807902e+30
6.161315e+30
9.969217e+30
1.613053e+31
2.609975e+31
4.223028e+31
6.833003e+31
1.105603e+32
1.788903e+32
2.894506e+32
4.683410e+32
7.577916e+32
1.226133e+33
1.983924e+33
3.210057e+33
5.193981e+33
8.404038e+33
1.359802e+34
2.200206e+34
3.560008e+34
5.760213e+34
9.320221e+34
1.508043e+35
2.440065e+35
3.948109e+35
6.388174e+35
1.033628e+36
1.672446e+36
2.706074e+36
4.378520e+36
7.084594e+36
1.146311e+37
1.854771e+37
3.001082e+37
4.855853e+37
7.856935e+37
1.271279e+38
2.056972e+38
3.328251e+38
5.385223e+38
8.713475e+38
1.409870e+39
2.281217e+39
3.691087e+39
5.972304e+39
9.663391e+39
1.563570e+40
2.529909e+40
4.093478e+40
6.623387e+40
1.071687e+41
1.734025e+41
2.805712e+41
